2 25 81 0.000262601 0.00820014 0.253888 0 0 0 0.023723
5 1089 25921 1.39384e-12 3.07933e-11 2.50615e-08 0 0 0 15.7911
0 1089 25921 6.61278e-13 3.06215e-11 2.50611e-08 0 0 0 15.8368
0 289 6561 3.06501e-12 9.7464e-10 4.00597e-07 0 0 0 3.97331
0 81 1681 1.95366e-10 3.11045e-08 6.39098e-06 0 0 0 1.01253
3 81 1681 1.95374e-10 3.11045e-08 6.3909e-06 0 0 0 1.01532
5 1089 4225 5.21488e-07 0.000129279 0.0320441 0 0 0 0.495881
0 1089 4225 5.21487e-07 0.000129279 0.0320441 0 0 0 0.47329
0 16641 66049 8.15033e-09 8.081e-06 0.00801217 0 0 0 7.52827
0 9409 37249 1.93191e-08 1.43661e-05 0.0106828 0 0 0 4.20152
0 4225 37249 1.77161e-10 1.34158e-07 0.000111288 0 0 0 7.31302
0 4225 66049 2.29662e-12 3.81161e-10 4.62679e-07 0 0 0 23.454
0 1089 16641 1.20112e-11 6.09634e-09 3.70132e-06 0 0 0 5.8522
10 1050625 9443329 4.23898e-11 1.75515e-10 4.36251e-07 0 0 0 1928.16
5 1089 9409 2.83438e-09 1.07321e-06 0.000445122 0 0 0 1.8414
5 1089 9409 2.83438e-09 1.07321e-06 0.000445122 0 0 0 1.79174
5 1089 9409 2.83438e-09 1.07321e-06 0.000445122 0 0 0 1.83881
5 1089 9409 2.83438e-09 1.07321e-06 0.000445122 0 0 0 1.8409
1 9 49 0.000180022 0.00428762 0.110605 0 0 0 0.02114
5 1089 9409 2.83438e-09 1.07321e-06 0.000445122 0 0 0 1.90347
5 1089 25921 1.39384e-12 3.07933e-11 2.50615e-08 0 0 0 16.4179
0 1089 25921 1.3989e-12 3.07948e-11 2.50615e-08 0 0 0 16.4416
4 289 6561 3.08106e-12 9.7464e-10 4.00596e-07 0 0 0 3.95012
11 4198401 37761025 3.2807e-10 1.04961e-09 1.21776e-07 0 0 0 8296.02
2 25 169 1.15386e-05 0.000547083 0.0283179 0 0 0 0.051896
2 25 169 1.15386e-05 0.000547083 0.0283179 0 0 0 0.045509
6 4225 16641 6.51994e-08 3.23231e-05 0.0160239 0 0 0 2.3718
7 16641 66049 8.15033e-09 8.081e-06 0.00801217 0 0 0 9.29316
6 4225 37249 1.77162e-10 1.34158e-07 0.000111288 0 0 0 8.87923
6 4225 37249 1.77162e-10 1.34158e-07 0.000111288 0 0 0 8.9519
6 4225 37249 1.77162e-10 1.34158e-07 0.000111288 0 0 0 25.0587
7 16641 148225 1.10809e-11 1.67699e-08 2.78225e-05 0 0 0 164.084
8 66049 591361 1.05917e-12 2.09617e-09 6.95576e-06 0 0 0 1076.19
9 263169 2362369 5.4347e-12 2.62874e-10 1.73959e-06 0 0 0 7904.91
5 1089 9409 2.83438e-09 1.07321e-06 0.000445122 0 0 0 2.21909
5 1089 9409 2.83438e-09 1.07321e-06 0.000445122 0 0 0 4.2717
5 1089 9409 2.83438e-09 1.07321e-06 0.000445122 0 0 0 4.31086
4 289 2401 4.53372e-08 8.58401e-06 0.00178 0 0 0 0.891696
3 81 625 7.24567e-07 6.86172e-05 0.00711207 0 0 0 0.286336
10 1050625 9443329 4.22305e-11 1.76203e-10 4.68612e-07 0 0 0 60342.9
12 16785409 151019521 3.56495e-10 1.6815e-09 5.42967e-06 0 0 0 3.73501e+06
5 1089 1089 0.00021948 0.0189073 2.09589 0 0 0 0.138021
8 66049 66049 3.42934e-06 0.00236335 2.09584 0 0 0 7.21594
5 1089 4225 5.21488e-07 0.000129279 0.0320441 0 0 0 0.496534
9 263169 1050625 1.28293e-10 5.05066e-07 0.00200306 0 0 0 2474.07
12 16785409 67125249 1.56066e-09 9.30104e-09 0.000250388 0 0 0 1.21461e+06
