2 5 18 0 0 0 0 6.9533e-310 6.94198e-310 0.001
2 5 18 0 0 0 0 6.92784e-310 2.122e-314 0.0625
2 5 18 0 0 0 0 6.95335e-310 6.93367e-310 0.015625
2 5 18 0 0 0 0 2.122e-314 6.90495e-310 0.1875
2 5 18 0 0 0 0 0 4.94066e-324 0.015625
2 5 10 0 0 0 0 6.91733e-310 2.122e-314 0.15625
2 5 10 0.248956 1.75231 0 0.710738 0.191782 0 0.046875
5 33 66 0.0696824 1.75017 0 1.28822 0.191838 0 0.015625
5 33 66 0.0696824 1.75017 0 1.28822 0.191838 0 0.015625
5 33 66 0.0696824 1.75017 0 1.28822 0.191838 0 0.0625
5 33 66 0.0696824 1.75017 0 1.28822 0.191838 0 0.015625
5 33 130 0.0108329 0.981831 161.969 1.38114 0.191838 0 0.03125
6 65 258 0.00179611 0.440671 144.986 1.39138 0.191838 0 0.15625
6 65 258 1.01469e-14 5.93083e-14 4.48984e-12 0.158114 0.191838 0 0.0625
6 65 258 1.01469e-14 5.93083e-14 4.48984e-12 0.158114 0.191838 0 0.328125
6 65 258 1.01469e-14 5.93083e-14 4.48984e-12 0.158114 0.191838 0.01 0.0625
6 65 258 0.00179611 0.440671 144.986 1.39138 0.191838 0.01 0.046875
6 65 130 0.0273719 1.22642 0 1.35563 0.191838 0.01 0.046875
6 65 130 6.0576e-05 0.00469585 0 1.25735 0.191838 0.01 0.046875
6 65 130 6.0576e-05 0.00469585 0 1.25735 0.191838 0.01 0.0625
6 65 258 1.01469e-14 5.93083e-14 4.48984e-12 0.158114 0.191838 0.01 0.15625
6 65 130 0.0273719 1.22642 0 1.35563 0.191838 0.01 0.03125
6 65 130 0.0273719 1.22642 0 1.35563 0.191838 0.01 0.171875
7 129 258 0.00850568 0.726751 0 1.38204 0.191838 0.01 0.21875
8 257 514 0.00230287 0.388009 0 1.39024 0.191838 0.01 0.46875
6 65 130 6.0576e-05 0.00469585 0 1.25735 0.191838 0.01 0.046875
6 65 130 0.0273719 1.22642 0 1.35563 0.191838 0.01 0.140625
7 129 258 0.00850568 0.726751 0 1.38204 0.191838 0.01 0.203125
8 257 514 0.00230287 0.388009 0 1.39024 0.191838 0.01 0.40625
6 65 130 0.0273719 1.22642 0 1.35563 0.191838 0.01 0.4375
6 65 130 0.0536514 1.7156 0 3.64287 0.191838 0.01 0.046875
6 65 258 0.00345959 0.674565 221.233 3.71308 0.191838 0.01 0.046875
6 65 258 0.00345959 0.674565 221.233 3.71308 0.191838 0.01 0.078125
