2 5 13 1.61137e-16 1.15589e-15 1.19944e-14 0.111803 1 1.06803e-157 0.008321 UMF
3 9 25 1.43437e-16 1.35285e-15 4.61811e-14 0.111803 1 1.06803e-157 0.017304 UMF
2 5 13 5.44392e-17 4.05647e-16 9.41439e-15 0.111803 1.52753 1.34359e-157 0.0059 UMF
3 9 25 3.37275e-16 1.7349e-15 3.68274e-14 0.111803 1.52753 1.34359e-157 0.014012 UMF
16 65537 65537 3.4945e-10 8.80967e-06 2 0.111803 578.217 6.57315e-158 13.4544 UMF
17 131073 131073 1.52429e-09 4.40484e-06 2 0.111803 578.217 6.57315e-158 38.4111 UMF
18 262145 262145 1.95383e-08 2.20926e-06 2 0.111803 578.217 6.57315e-158 88.6202 UMF
19 524289 524289 7.93112e-08 1.32731e-06 2 0.111803 578.217 6.57315e-158 189.22 UMF
20 1048577 1048577 2.98616e-07 2.87616e-06 2 0.111804 578.217 6.57315e-158 392.493 UMF
16 65537 131073 1.93914e-09 1.90728e-08 1.09988e-05 0.111803 578.217 1.32367e-157 16.039 UMF
17 131073 262145 9.85069e-09 8.9319e-08 5.11664e-05 0.111803 578.217 1.32367e-157 46.0078 UMF
18 262145 524289 2.99368e-08 3.11447e-07 0.000179849 0.111803 578.217 1.32367e-157 106.084 UMF
19 524289 1048577 1.22208e-07 1.33144e-06 0.000768151 0.111803 578.217 1.32367e-157 226.699 UMF
20 1048577 2097153 6.91458e-07 6.37185e-06 0.00364677 0.111804 578.217 1.32367e-157 468.99 UMF
16 65537 196609 1.3395e-09 1.87109e-08 1.08988e-05 0.111803 578.217 9.15033e-158 19.9492 UMF
17 131073 393217 8.49882e-10 1.50308e-08 1.32296e-05 0.111803 578.217 9.15033e-158 57.7897 UMF
18 262145 786433 9.32863e-09 4.40634e-08 4.27713e-05 0.111803 578.217 9.15033e-158 134.051 UMF
19 524289 1572865 2.34424e-08 3.20836e-07 0.000245259 0.111803 578.217 9.15033e-158 286.545 UMF
20 1048577 3145729 1.16634e-07 4.94319e-07 0.00068445 0.111803 578.217 9.15033e-158 593.288 UMF
16 65537 262145 2.83014e-09 3.18365e-08 1.93413e-05 0.111803 578.217 9.87792e-158 24.7425 UMF
17 131073 524289 1.89741e-08 1.71676e-07 0.000100987 0.111803 578.217 9.87792e-158 71.7498 UMF
18 262145 1048577 7.40349e-08 6.81828e-07 0.000401353 0.111803 578.217 9.87792e-158 166.088 UMF
19 524289 2097153 4.45061e-07 3.82572e-06 0.00220173 0.111803 578.217 9.87792e-158 355.594 UMF
20 1048577 4194305 1.21477e-06 1.22205e-05 0.00718264 0.111803 578.217 9.87792e-158 735.577 UMF
16 65537 327681 2.63023e-10 3.99634e-09 1.1182e-05 0.111803 578.217 1.09703e-157 30.5551 UMF
17 131073 655361 2.18747e-09 1.71855e-08 4.5197e-05 0.111803 578.217 1.09703e-157 89.8178 UMF
18 262145 1310721 2.914e-08 2.28976e-07 0.000219729 0.111803 578.217 1.09703e-157 208.306 UMF
19 524289 2621441 9.82867e-08 9.66505e-07 0.000905458 0.111803 578.217 1.09703e-157 446.341 UMF
20 1048577 5242881 2.78384e-07 2.66225e-06 0.00322567 0.111803 578.217 1.09703e-157 922.549 UMF
