3 9 17 6.11579e-17 3.65778e-16 1.06665e-14 0.111803 1 1.30181e-157 0.010566 UMF
3 9 17 6.11579e-17 3.65778e-16 1.06665e-14 0.111803 1 9.64013e-158 0.015226 UMF
4 17 33 3.48653e-17 6.76194e-16 3.74747e-14 0.111803 1 9.64013e-158 0.03364 UMF
5 33 65 9.04641e-17 1.60136e-15 1.58357e-13 0.111803 1 9.64013e-158 0.058283 UMF
6 65 129 3.03423e-16 3.57396e-15 6.71246e-13 0.111803 1 9.64013e-158 0.096874 UMF
3 9 17 1.30572e-16 8.76321e-16 7.65853e-15 0.111803 1.52753 1.2737e-157 0.005954 UMF
4 17 33 3.03125e-16 1.39924e-15 2.89315e-14 0.111803 1.52753 1.2737e-157 0.027142 UMF
5 33 65 9.28169e-16 4.89278e-15 1.1689e-13 0.111803 1.52753 1.2737e-157 0.054023 UMF
6 65 129 4.35866e-15 1.83584e-14 5.36935e-13 0.111803 1.52753 1.2737e-157 0.088222 UMF
3 9 17 6.11579e-17 3.65778e-16 1.06665e-14 0.111803 1 8.91505e-158 0.013054 UMF
4 17 33 3.48653e-17 6.76194e-16 3.74747e-14 0.111803 1 8.91505e-158 0.031926 UMF
5 33 65 9.04641e-17 1.60136e-15 1.58357e-13 0.111803 1 8.91505e-158 0.056532 UMF
6 65 129 3.03423e-16 3.57396e-15 6.71246e-13 0.111803 1 8.91505e-158 0.091462 UMF
3 9 17 1.30572e-16 8.76321e-16 7.65853e-15 0.111803 1.52753 1.14199e-157 0.015208 UMF
4 17 33 3.03125e-16 1.39924e-15 2.89315e-14 0.111803 1.52753 1.14199e-157 0.036535 UMF
5 33 65 9.28169e-16 4.89278e-15 1.1689e-13 0.111803 1.52753 1.14199e-157 0.06404 UMF
6 65 129 4.35866e-15 1.83584e-14 5.36935e-13 0.111803 1.52753 1.14199e-157 0.096875 UMF
1 3 3 0.0416667 0.288675 2 0.144338 1.52753 1.17635e-157 0.014015 UMF
2 5 5 0.0104167 0.144338 2 0.119678 1.52753 1.17635e-157 0.033972 UMF
3 9 9 0.00260417 0.0721688 2 0.113752 1.52753 1.17635e-157 0.055348 UMF
4 17 17 0.000651042 0.0360844 2 0.112289 1.52753 1.17635e-157 0.072077 UMF
5 33 33 0.00016276 0.0180422 2 0.111925 1.52753 1.17635e-157 0.096915 UMF
6 65 65 4.06901e-05 0.0090211 2 0.111834 1.52753 1.17635e-157 0.13114 UMF
7 129 129 1.01725e-05 0.00451055 2 0.111811 1.52753 1.17635e-157 0.178025 UMF
8 257 257 2.54313e-06 0.00225527 2 0.111805 1.52753 1.17635e-157 0.257156 UMF
9 513 513 6.35783e-07 0.00112764 2 0.111804 1.52753 1.17635e-157 0.402735 UMF
10 1025 1025 1.58946e-07 0.000563819 2 0.111804 1.52753 1.17635e-157 0.666941 UMF
11 2049 2049 3.97364e-08 0.000281909 2 0.111803 1.52753 1.17635e-157 1.18876 UMF
1 3 3 0.0416667 0.288675 2 0.144338 1.52753 1.34407e-157 0.014204 UMF
2 5 5 0.0104167 0.144338 2 0.119678 1.52753 1.34407e-157 0.035051 UMF
3 9 9 0.00260417 0.0721688 2 0.113752 1.52753 1.34407e-157 0.056123 UMF
4 17 17 0.000651042 0.0360844 2 0.112289 1.52753 1.34407e-157 0.078713 UMF
5 33 33 0.00016276 0.0180422 2 0.111925 1.52753 1.34407e-157 0.101729 UMF
6 65 65 4.06901e-05 0.0090211 2 0.111834 1.52753 1.34407e-157 0.128595 UMF
7 129 129 1.01725e-05 0.00451055 2 0.111811 1.52753 1.34407e-157 0.181163 UMF
8 257 257 2.54313e-06 0.00225527 2 0.111805 1.52753 1.34407e-157 0.265134 UMF
1 3 3 0.0416667 0.288675 2 0.144338 1.52753 1.41563e-157 0.014191 UMF
2 5 5 0.0104167 0.144338 2 0.119678 1.52753 1.41563e-157 0.035083 UMF
3 9 9 0.00260417 0.0721688 2 0.113752 1.52753 1.41563e-157 0.049927 UMF
4 17 17 0.000651042 0.0360844 2 0.112289 1.52753 1.41563e-157 0.067693 UMF
5 33 33 0.00016276 0.0180422 2 0.111925 1.52753 1.41563e-157 0.090497 UMF
1 3 3 0.0416667 0.288675 2 0.144338 1.52753 1.10157e-157 0.013139 UMF
2 5 5 0.0104167 0.144338 2 0.119678 1.52753 1.10157e-157 0.026506 UMF
3 9 9 0.00260417 0.0721688 2 0.113752 1.52753 1.10157e-157 0.043033 UMF
4 17 17 0.000651042 0.0360844 2 0.112289 1.52753 1.10157e-157 0.063122 UMF
5 33 33 0.00016276 0.0180422 2 0.111925 1.52753 1.10157e-157 0.088836 UMF
6 65 65 4.06901e-05 0.0090211 2 0.111834 1.52753 1.10157e-157 0.116085 UMF
7 129 129 1.01725e-05 0.00451055 2 0.111811 1.52753 1.10157e-157 0.160691 UMF
8 257 257 2.54313e-06 0.00225527 2 0.111805 1.52753 1.10157e-157 0.243608 UMF
9 513 513 6.35783e-07 0.00112764 2 0.111804 1.52753 1.10157e-157 0.387642 UMF
10 1025 1025 1.58946e-07 0.000563819 2 0.111804 1.52753 1.10157e-157 0.662404 UMF
11 2049 2049 3.97364e-08 0.000281909 2 0.111803 1.52753 1.10157e-157 1.1807 UMF
12 4097 4097 9.93643e-09 0.000140955 2 0.111803 1.52753 1.10157e-157 2.21158 UMF
13 8193 8193 2.48213e-09 7.04773e-05 2 0.111803 1.52753 1.10157e-157 4.26697 UMF
14 16385 16385 6.30452e-10 3.52387e-05 2 0.111803 1.52753 1.10157e-157 8.41315 UMF
15 32769 32769 2.09524e-10 1.76193e-05 2 0.111803 1.52753 1.10157e-157 16.7451 UMF
16 65537 65537 2.16517e-10 8.80967e-06 2 0.111803 1.52753 1.10157e-157 33.4571 UMF
1 3 5 3.66712e-17 1.71596e-16 8.88178e-16 0.111803 1.52753 5.20687e-158 0.006527 UMF
2 5 9 6.18096e-17 3.778e-16 2.53413e-15 0.111803 1.52753 5.20687e-158 0.02507 UMF
3 9 17 1.30572e-16 8.76321e-16 7.65853e-15 0.111803 1.52753 5.20687e-158 0.043718 UMF
4 17 33 3.03125e-16 1.39924e-15 2.89315e-14 0.111803 1.52753 5.20687e-158 0.058947 UMF
5 33 65 9.28169e-16 4.89278e-15 1.1689e-13 0.111803 1.52753 5.20687e-158 0.08449 UMF
6 65 129 4.35866e-15 1.83584e-14 5.36935e-13 0.111803 1.52753 5.20687e-158 0.12232 UMF
7 129 257 4.54132e-15 3.3274e-14 2.35502e-12 0.111803 1.52753 5.20687e-158 0.180442 UMF
8 257 513 7.50472e-15 4.64396e-14 9.69027e-12 0.111803 1.52753 5.20687e-158 0.277294 UMF
9 513 1025 7.82279e-14 4.0156e-13 3.86466e-11 0.111803 1.52753 5.20687e-158 0.449961 UMF
10 1025 2049 2.03229e-13 8.68218e-13 1.56904e-10 0.111803 1.52753 5.20687e-158 0.762667 UMF
11 2049 4097 1.01326e-12 4.87805e-12 5.98669e-10 0.111803 1.52753 5.20687e-158 1.3879 UMF
12 4097 8193 4.48697e-12 1.66049e-11 2.40058e-09 0.111803 1.52753 5.20687e-158 2.61349 UMF
13 8193 16385 1.01721e-11 5.63776e-11 9.35092e-09 0.111803 1.52753 5.20687e-158 5.06421 UMF
14 16385 32769 7.61066e-11 2.75711e-10 3.64674e-08 0.111803 1.52753 5.20687e-158 9.98817 UMF
15 32769 65537 3.03332e-10 1.11809e-09 1.48126e-07 0.111803 1.52753 5.20687e-158 19.8583 UMF
16 65537 131073 1.21784e-09 4.89751e-09 6.40115e-07 0.111803 1.52753 5.20687e-158 39.6712 UMF
1 3 7 3.838e-17 3.05485e-16 3.70146e-15 0.111803 1.52753 1.12977e-157 0.012207 UMF
2 5 13 5.44392e-17 4.05647e-16 9.41439e-15 0.111803 1.52753 1.12977e-157 0.029075 UMF
3 9 25 3.37275e-16 1.7349e-15 3.68274e-14 0.111803 1.52753 1.12977e-157 0.047247 UMF
4 17 49 1.20107e-15 4.38744e-15 1.74572e-13 0.111803 1.52753 1.12977e-157 0.070865 UMF
5 33 97 5.82478e-15 2.2425e-14 5.39263e-13 0.111803 1.52753 1.12977e-157 0.100952 UMF
6 65 193 1.01793e-14 4.23084e-14 2.57002e-12 0.111803 1.52753 1.12977e-157 0.140096 UMF
7 129 385 2.04184e-14 1.45997e-13 9.62434e-12 0.111803 1.52753 1.12977e-157 0.206406 UMF
8 257 769 1.15638e-13 5.47212e-13 4.07775e-11 0.111803 1.52753 1.12977e-157 0.321992 UMF
9 513 1537 1.16008e-13 7.36954e-13 1.61941e-10 0.111803 1.52753 1.12977e-157 0.53341 UMF
10 1025 3073 7.89694e-13 3.6847e-12 6.26784e-10 0.111803 1.52753 1.12977e-157 0.92648 UMF
11 2049 6145 9.88e-13 4.90701e-12 2.45216e-09 0.111803 1.52753 1.12977e-157 1.69721 UMF
12 4097 12289 2.62138e-12 1.51887e-11 1.01541e-08 0.111803 1.52753 1.12977e-157 3.21278 UMF
13 8193 24577 1.88572e-11 1.14111e-10 4.10157e-08 0.111803 1.52753 1.12977e-157 6.2541 UMF
14 16385 49153 1.16995e-10 4.78628e-10 1.59311e-07 0.111803 1.52753 1.12977e-157 12.3562 UMF
15 32769 98305 5.53621e-11 4.39801e-10 6.41281e-07 0.111803 1.52753 1.12977e-157 24.6005 UMF
16 65537 196609 8.19987e-10 5.60087e-09 2.64114e-06 0.111803 1.52753 1.12977e-157 49.1726 UMF
1 3 9 4.16991e-17 3.20514e-16 3.04602e-15 0.111803 1.52753 1.12997e-157 0.013418 UMF
2 5 17 3.65907e-16 1.62571e-15 2.25401e-14 0.111803 1.52753 1.12997e-157 0.029964 UMF
3 9 33 4.0367e-16 2.62008e-15 1.1849e-13 0.111803 1.52753 1.12997e-157 0.050036 UMF
4 17 65 2.40142e-15 9.6403e-15 3.9884e-13 0.111803 1.52753 1.12997e-157 0.074897 UMF
5 33 129 1.72194e-15 1.85676e-14 1.5628e-12 0.111803 1.52753 1.12997e-157 0.101496 UMF
6 65 257 2.34374e-15 2.55672e-14 5.54761e-12 0.111803 1.52753 1.12997e-157 0.150986 UMF
7 129 513 1.66865e-14 1.03893e-13 2.33625e-11 0.111803 1.52753 1.12997e-157 0.230851 UMF
8 257 1025 1.6753e-13 6.29292e-13 9.24565e-11 0.111803 1.52753 1.12997e-157 0.362672 UMF
9 513 2049 5.20706e-13 1.80645e-12 3.38831e-10 0.111803 1.52753 1.12997e-157 0.618592 UMF
10 1025 4097 2.16212e-13 2.18655e-12 1.36447e-09 0.111803 1.52753 1.12997e-157 1.10562 UMF
11 2049 8193 2.12077e-12 1.13547e-11 5.77609e-09 0.111803 1.52753 1.12997e-157 2.06017 UMF
12 4097 16385 4.78263e-12 2.89683e-11 2.31467e-08 0.111803 1.52753 1.12997e-157 3.95976 UMF
13 8193 32769 9.67634e-11 3.81692e-10 8.84527e-08 0.111803 1.52753 1.12997e-157 7.74368 UMF
14 16385 65537 1.75236e-10 7.52741e-10 3.53787e-07 0.111803 1.52753 1.12997e-157 15.3238 UMF
15 32769 131073 6.93462e-10 3.30646e-09 1.46503e-06 0.111803 1.52753 1.12997e-157 30.4944 UMF
16 65537 262145 4.22507e-09 1.6329e-08 5.6387e-06 0.111803 1.52753 1.12997e-157 60.9062 UMF
1 3 11 1.18267e-16 6.34931e-16 2.12554e-14 0.111803 1.52753 1.32375e-157 0.011334 UMF
2 5 21 5.14395e-16 2.15708e-15 8.03807e-14 0.111803 1.52753 1.32375e-157 0.031254 UMF
3 9 41 8.68295e-16 3.90781e-15 1.94372e-13 0.111803 1.52753 1.32375e-157 0.053867 UMF
4 17 81 1.75745e-15 1.02998e-14 6.3304e-13 0.111803 1.52753 1.32375e-157 0.081555 UMF
5 33 161 1.1965e-14 5.12915e-14 2.65001e-12 0.111803 1.52753 1.32375e-157 0.112018 UMF
6 65 321 2.40398e-14 1.04977e-13 1.11487e-11 0.111803 1.52753 1.32375e-157 0.169348 UMF
7 129 641 4.08449e-14 2.1069e-13 4.26394e-11 0.111803 1.52753 1.32375e-157 0.262014 UMF
8 257 1281 8.78079e-14 4.97453e-13 1.66423e-10 0.111803 1.52753 1.32375e-157 0.424989 UMF
9 513 2561 2.5266e-13 1.58216e-12 6.50697e-10 0.111803 1.52753 1.32375e-157 0.733712 UMF
10 1025 5121 9.35353e-13 6.09543e-12 2.59831e-09 0.111803 1.52753 1.32375e-157 1.34063 UMF
11 2049 10241 2.23801e-12 2.17168e-11 1.04736e-08 0.111803 1.52753 1.32375e-157 2.54841 UMF
12 4097 20481 1.66832e-12 3.2733e-11 4.28935e-08 0.111803 1.52753 1.32375e-157 4.93889 UMF
13 8193 40961 4.41041e-12 8.66524e-11 1.72264e-07 0.111803 1.52753 1.32375e-157 9.72601 UMF
14 16385 81921 2.8729e-11 2.41879e-10 6.60194e-07 0.111803 1.52753 1.32375e-157 19.3092 UMF
15 32769 163841 1.60571e-10 7.45667e-10 2.75051e-06 0.111803 1.52753 1.32375e-157 38.5051 UMF
16 65537 327681 1.38063e-09 5.17169e-09 1.05865e-05 0.111803 1.52753 1.32375e-157 77.0585 UMF
