5 1089 12416 8320 4096 0.000128995 0.00135369 0.00103546 0.024254 0.0151283 0.131049 0.0242396 0.136303 0.855602 0.979361 5.07812 UMF
3 81 800 544 256 0.00238606 8.68587e-07 4.16853e-05 4.16854e-05 3.40711e-08 3.58869e-07 1.13089e-07 4.16871e-05 0.198178 1.22687 0.3125 UMF
4 289 3136 2112 1024 0.000596514 5.41535e-08 5.19844e-06 5.19844e-06 2.03393e-09 2.73774e-08 6.58127e-09 5.19852e-06 0.197447 1.22528 1.26562 UMF
3 81 800 544 256 0.00238606 1.44398e-13 1.14271e-14 1.25615e-12 4.05208e-13 3.30556e-12 1.25237e-12 3.77323e-12 0.198178 1.22687 0.3125 UMF
3 81 800 544 256 0.00238606 1.44398e-13 1.14271e-14 1.25615e-12 4.05208e-13 3.30556e-12 1.25237e-12 3.77323e-12 0.198178 1.22687 0.3125 UMF
3 81 800 544 256 0.00238606 1.44398e-13 1.14271e-14 1.25615e-12 4.05208e-13 3.30556e-12 1.25237e-12 3.77323e-12 0.198178 1.22687 0.546875 UMF
0 4 16 12 4 0.152708 1.56657e-15 2.27956e-15 4.28044e-15 1.81864e-15 3.40388e-15 4.10899e-15 7.07813e-15 0.251879 1.35401 0.03125 UMF
0 4 16 12 4 0.152708 1.56657e-15 2.27956e-15 4.28044e-15 1.81864e-15 3.40388e-15 4.10899e-15 7.07813e-15 0.251879 1.35401 0.046875 UMF
0 4 16 12 4 0.153015 0.638291 0.00970018 1.18597e-15 2 0.00864018 0.00970018 2.00004 0.251879 1.35401 0.140625 UMF
3 81 800 544 256 0.00238606 1.04847e-15 1.09464e-14 1.21821e-14 6.31412e-15 9.62262e-15 1.42824e-14 2.20194e-14 0.198178 1.35636 0.484375 UMF
3 81 800 544 256 0.00238606 6.09188e-16 6.39833e-15 8.77576e-15 5.01241e-15 6.23824e-15 9.09564e-15 1.49594e-14 0.198178 0.817913 0.46875 UMF
3 81 1776 1200 576 4.38323e-16 2.27631e-15 1.393e-14 5.73549e-14 4.96071e-14 3.75061e-14 5.74816e-14 1.0228e-13 0.197752 0.817294 1.34375 UMF
2 25 456 312 144 3.21456e-16 1.47002e-15 6.94919e-15 1.82165e-14 1.69395e-14 1.22352e-14 1.95472e-14 3.39202e-14 0.199391 0.81968 0.671875 UMF
2 25 456 312 144 3.21456e-16 1.47002e-15 6.94919e-15 1.82165e-14 1.69395e-14 1.22352e-14 1.95472e-14 3.39202e-14 0.199391 0.81968 0.359375 UMF
2 25 456 312 144 3.21456e-16 1.47002e-15 6.94919e-15 1.82165e-14 1.69395e-14 1.22352e-14 1.95472e-14 3.39202e-14 0.199391 0.81968 0.40625 UMF
2 25 456 312 144 3.21456e-16 1.47002e-15 6.94919e-15 1.82165e-14 1.69395e-14 1.22352e-14 1.95472e-14 3.39202e-14 0.199391 0.81968 0.34375 UMF
2 25 456 312 144 3.21456e-16 1.47002e-15 6.94919e-15 1.82165e-14 1.69395e-14 1.22352e-14 1.95472e-14 3.39202e-14 0.199391 0.81968 0.328125 UMF
2 25 456 312 144 3.21456e-16 1.47002e-15 6.94919e-15 1.82165e-14 1.69395e-14 1.22352e-14 1.95472e-14 3.39202e-14 0.199391 0.81968 0.34375 UMF
2 25 456 312 144 3.21456e-16 1.47002e-15 6.94919e-15 1.82165e-14 1.69395e-14 1.22352e-14 1.95472e-14 3.39202e-14 0.199391 0.81968 0.34375 UMF
2 25 456 312 144 3.21456e-16 1.47002e-15 6.94919e-15 1.82165e-14 1.69395e-14 1.22352e-14 1.95472e-14 3.39202e-14 0.199391 0.81968 0.328125 UMF
2 25 456 312 144 3.21456e-16 1.47002e-15 6.94919e-15 1.82165e-14 1.69395e-14 1.22352e-14 1.95472e-14 3.39202e-14 0.199391 0.81968 0.328125 UMF
2 25 456 312 144 3.21456e-16 1.47002e-15 6.94919e-15 1.82165e-14 1.69395e-14 1.22352e-14 1.95472e-14 3.39202e-14 0.199391 0.81968 0.328125 UMF
2 25 456 312 144 3.21456e-16 1.47002e-15 6.94919e-15 1.82165e-14 1.69395e-14 1.22352e-14 1.95472e-14 3.39202e-14 0.199391 0.81968 0.453125 UMF
2 25 456 312 144 3.21456e-16 1.47002e-15 6.94919e-15 1.82165e-14 1.69395e-14 1.22352e-14 1.95472e-14 3.39202e-14 0.199391 0.81968 0.5 UMF
1 9 120 84 36 3.24933e-16 1.14095e-15 3.8591e-15 6.33385e-15 5.34299e-15 4.03357e-15 6.44868e-15 1.12481e-14 0.205812 0.829156 0.09375 UMF
1 9 120 84 36 3.24933e-16 1.14095e-15 3.8591e-15 6.33385e-15 5.34299e-15 4.03357e-15 6.44868e-15 1.12481e-14 0.205812 0.829156 0.109375 UMF
1 9 120 84 36 3.24933e-16 1.14095e-15 3.8591e-15 6.33385e-15 5.34299e-15 4.03357e-15 6.44868e-15 1.12481e-14 0.205812 0.829156 0.25 UMF
