1 3 3 0.0688194 0.351188 2 0.157162 1 1.25018e-157 0.02731 UMF
2 5 5 0.0233222 0.194508 2 0.120929 1 1.25018e-157 0.046287 UMF
3 9 9 0.00490248 0.0912871 2 0.11428 1 1.25018e-157 0.063402 UMF
4 17 17 0.00148049 0.0500521 2 0.112709 1 1.25018e-157 0.087046 UMF
5 33 33 0.000361695 0.024987 2 0.112054 1 1.25018e-157 0.119483 UMF
6 65 65 8.61824e-05 0.0120863 2 0.111859 1 1.25018e-157 0.16379 UMF
7 129 129 2.20286e-05 0.00611092 2 0.111818 1 1.25018e-157 0.230909 UMF
8 257 257 5.96499e-06 0.00320832 2 0.111807 1 1.25018e-157 0.342025 UMF
9 513 513 1.44489e-06 0.0015734 2 0.111804 1 1.25018e-157 0.537011 UMF
10 1025 1025 3.68387e-07 0.000796001 2 0.111804 1 1.25018e-157 0.895045 UMF
11 2049 2049 9.03875e-08 0.00039351 2 0.111803 1 1.25018e-157 1.59959 UMF
12 4097 4097 2.28697e-08 0.000198196 2 0.111803 1 1.25018e-157 2.97258 UMF
13 8193 8193 5.66924e-09 9.86405e-05 2 0.111803 1 1.25018e-157 5.71877 UMF
1 3 3 0.0688194 0.351188 2 0.157162 1 7.69029e-158 0.016415 UMF
2 5 5 0.0233222 0.194508 2 0.120929 1 7.69029e-158 0.029383 UMF
3 9 9 0.00490248 0.0912871 2 0.11428 1 7.69029e-158 0.045531 UMF
4 17 17 0.00148049 0.0500521 2 0.112709 1 7.69029e-158 0.065219 UMF
5 33 33 0.000361695 0.024987 2 0.112054 1 7.69029e-158 0.093342 UMF
6 65 65 8.61824e-05 0.0120863 2 0.111859 1 7.69029e-158 0.135582 UMF
7 129 129 2.20286e-05 0.00611092 2 0.111818 1 7.69029e-158 0.198083 UMF
8 257 257 5.96499e-06 0.00320832 2 0.111807 1 7.69029e-158 0.304616 UMF
9 513 513 1.44489e-06 0.0015734 2 0.111804 1 7.69029e-158 0.492441 UMF
10 1025 1025 3.68387e-07 0.000796001 2 0.111804 1 7.69029e-158 0.835391 UMF
11 2049 2049 9.03875e-08 0.00039351 2 0.111803 1 7.69029e-158 1.51976 UMF
12 4097 4097 2.28697e-08 0.000198196 2 0.111803 1 7.69029e-158 2.86683 UMF
13 8193 8193 5.66924e-09 9.86405e-05 2 0.111803 1 7.69029e-158 5.54833 UMF
14 16385 16385 1.41398e-09 4.9215e-05 2 0.111803 1 7.69029e-158 10.9485 UMF
15 32769 32769 3.59277e-10 2.47222e-05 2 0.111803 1 7.69029e-158 21.7832 UMF
16 65537 65537 2.95142e-09 1.23104e-05 2 0.111803 1 7.69029e-158 43.558 UMF
1 3 5 6.18846e-17 3.07873e-16 1.9459e-15 0.111803 1 5.41295e-158 0.022131 UMF
2 5 9 8.14848e-17 5.63705e-16 1.10207e-14 0.111803 1 5.41295e-158 0.033491 UMF
3 9 17 1.17641e-16 8.58066e-16 7.26939e-14 0.111803 1 5.41295e-158 0.051327 UMF
4 17 33 4.2798e-16 2.29929e-15 1.85921e-13 0.111803 1 5.41295e-158 0.075187 UMF
5 33 65 5.31853e-15 2.62237e-14 9.26875e-13 0.111803 1 5.41295e-158 0.100615 UMF
6 65 129 1.7094e-14 6.73947e-14 2.65901e-12 0.111803 1 5.41295e-158 0.141079 UMF
7 129 257 1.97089e-14 1.34184e-13 1.08915e-11 0.111803 1 5.41295e-158 0.21061 UMF
8 257 513 1.21722e-13 7.6666e-13 5.12483e-11 0.111803 1 5.41295e-158 0.332671 UMF
9 513 1025 1.69505e-13 1.36101e-12 2.10021e-10 0.111803 1 5.41295e-158 0.551135 UMF
10 1025 2049 5.34872e-13 4.00412e-12 9.97218e-10 0.111803 1 5.41295e-158 0.970805 UMF
11 2049 4097 9.89838e-13 9.96841e-12 3.19112e-09 0.111803 1 5.41295e-158 1.78482 UMF
12 4097 8193 1.1437e-11 4.58172e-11 1.35025e-08 0.111803 1 5.41295e-158 3.40034 UMF
13 8193 16385 1.23871e-10 5.64677e-10 4.57056e-08 0.111803 1 5.41295e-158 6.61694 UMF
14 16385 32769 5.18628e-10 2.07687e-09 1.95514e-07 0.111803 1 5.41295e-158 13.0699 UMF
15 32769 65537 3.1317e-09 1.12918e-08 7.51386e-07 0.111803 1 5.41295e-158 26.0176 UMF
16 65537 131073 1.26837e-08 4.43556e-08 2.96206e-06 0.111803 1 5.41295e-158 51.9999 UMF
1 3 7 9.2648e-17 3.76394e-16 2.85284e-15 0.111803 1 9.22586e-158 0.024798 UMF
2 5 13 3.07201e-16 1.3903e-15 1.91175e-14 0.111803 1 9.22586e-158 0.045131 UMF
3 9 25 2.35015e-16 1.74196e-15 8.73958e-14 0.111803 1 9.22586e-158 0.064848 UMF
4 17 49 1.11637e-15 5.68367e-15 6.26966e-13 0.111803 1 9.22586e-158 0.088291 UMF
5 33 97 4.04613e-15 2.5857e-14 4.01671e-12 0.111803 1 9.22586e-158 0.124558 UMF
6 65 193 3.83118e-14 1.36697e-13 1.37287e-11 0.111803 1 9.22586e-158 0.178128 UMF
7 129 385 1.05807e-13 3.67028e-13 5.23788e-11 0.111803 1 9.22586e-158 0.259503 UMF
8 257 769 1.08642e-13 8.54251e-13 2.24921e-10 0.111803 1 9.22586e-158 0.400499 UMF
9 513 1537 5.96034e-13 2.93819e-12 7.49906e-10 0.111803 1 9.22586e-158 0.66446 UMF
10 1025 3073 1.82509e-12 1.01991e-11 3.76906e-09 0.111803 1 9.22586e-158 1.18339 UMF
11 2049 6145 4.39726e-11 1.65428e-10 1.96521e-08 0.111803 1 9.22586e-158 2.18526 UMF
12 4097 12289 2.08235e-10 7.49449e-10 7.73551e-08 0.111803 1 9.22586e-158 4.18575 UMF
13 8193 24577 3.44864e-10 1.7853e-09 2.39188e-07 0.111803 1 9.22586e-158 8.19451 UMF
14 16385 49153 1.772e-09 6.50078e-09 1.06082e-06 0.111803 1 9.22586e-158 16.2252 UMF
15 32769 98305 9.391e-10 1.17207e-08 4.13108e-06 0.111803 1 9.22586e-158 32.3471 UMF
16 65537 196609 3.26729e-09 2.81044e-08 1.45175e-05 0.111803 1 9.22586e-158 64.6358 UMF
1 3 9 1.91469e-16 8.85343e-16 2.09923e-14 0.111803 1 1.09716e-157 0.017513 UMF
2 5 17 2.20677e-16 1.57586e-15 7.4569e-14 0.111803 1 1.09716e-157 0.040696 UMF
3 9 33 1.76393e-15 7.71467e-15 2.81452e-13 0.111803 1 1.09716e-157 0.062245 UMF
4 17 65 3.06043e-15 1.51602e-14 1.95567e-12 0.111803 1 1.09716e-157 0.082472 UMF
5 33 129 6.74785e-15 3.0745e-14 7.56273e-12 0.111803 1 1.09716e-157 0.116754 UMF
6 65 257 4.42237e-14 1.58226e-13 2.29527e-11 0.111803 1 1.09716e-157 0.177906 UMF
7 129 513 1.29241e-13 7.14939e-13 1.09402e-10 0.111803 1 1.09716e-157 0.275141 UMF
8 257 1025 4.23707e-13 1.63881e-12 4.86677e-10 0.111803 1 1.09716e-157 0.455903 UMF
9 513 2049 1.76655e-12 1.07751e-11 1.59895e-09 0.111803 1 1.09716e-157 0.787472 UMF
10 1025 4097 2.1604e-11 7.94922e-11 9.23044e-09 0.111803 1 1.09716e-157 1.42908 UMF
11 2049 8193 1.51004e-11 9.83195e-11 2.6066e-08 0.111803 1 1.09716e-157 2.69 UMF
12 4097 16385 7.5439e-11 5.35168e-10 1.01657e-07 0.111803 1 1.09716e-157 5.18493 UMF
13 8193 32769 4.81116e-10 2.24716e-09 4.39315e-07 0.111803 1 1.09716e-157 10.1745 UMF
14 16385 65537 6.16827e-09 2.32251e-08 2.22646e-06 0.111803 1 1.09716e-157 20.1702 UMF
15 32769 131073 1.32523e-08 5.21257e-08 8.01137e-06 0.111803 1 1.09716e-157 40.2229 UMF
16 65537 262145 4.82379e-08 2.22993e-07 3.38092e-05 0.111803 1 1.09716e-157 80.4303 UMF
1 3 11 2.46053e-16 1.02818e-15 1.62153e-14 0.111803 1 1.19752e-157 0.019664 UMF
2 5 21 9.63113e-16 3.82021e-15 8.27971e-14 0.111803 1 1.19752e-157 0.03463 UMF
3 9 41 5.54718e-15 2.00946e-14 8.18935e-13 0.111803 1 1.19752e-157 0.056341 UMF
4 17 81 1.69308e-14 5.89567e-14 2.59977e-12 0.111803 1 1.19752e-157 0.086251 UMF
5 33 161 4.76146e-14 1.65239e-13 1.26302e-11 0.111803 1 1.19752e-157 0.130164 UMF
6 65 321 9.33098e-14 3.90579e-13 5.26948e-11 0.111803 1 1.19752e-157 0.202528 UMF
7 129 641 2.26457e-13 9.49331e-13 1.9323e-10 0.111803 1 1.19752e-157 0.321055 UMF
8 257 1281 7.73883e-13 3.65456e-12 7.47693e-10 0.111803 1 1.19752e-157 0.534472 UMF
9 513 2561 8.98624e-12 3.49505e-11 3.42437e-09 0.111803 1 1.19752e-157 0.937098 UMF
10 1025 5121 3.54444e-11 1.33601e-10 1.48785e-08 0.111803 1 1.19752e-157 1.74579 UMF
11 2049 10241 1.47468e-10 5.24614e-10 5.40785e-08 0.111803 1 1.19752e-157 3.32219 UMF
12 4097 20481 5.67365e-10 2.0399e-09 2.34077e-07 0.111803 1 1.19752e-157 6.47962 UMF
13 8193 40961 1.97381e-09 7.15118e-09 8.34999e-07 0.111803 1 1.19752e-157 12.8153 UMF
14 16385 81921 7.5131e-09 2.8124e-08 3.204e-06 0.111803 1 1.19752e-157 25.5176 UMF
15 32769 163841 2.47099e-08 9.07024e-08 1.36884e-05 0.111803 1 1.19752e-157 50.9408 UMF
16 65537 327681 9.35096e-08 3.41666e-07 5.38642e-05 0.111803 1 1.19752e-157 101.958 UMF
2 5 5 0.0104167 0.144338 2 0.119678 1 6.4691e-158 0.01189 UMF
2 5 5 0.0233222 0.194508 2 0.120929 1 6.4691e-158 0.022539 UMF
2 5 5 0.0104167 0.144338 2 0.119678 1 7.88277e-158 0.010047 UMF
2 5 5 0.0233222 0.194508 2 0.120929 1 7.88277e-158 0.019889 UMF
2 5 9 2.42405e-17 1.5036e-16 1.77982e-15 0.111803 1 6.34461e-158 0.017559 UMF
2 5 9 8.14848e-17 5.63705e-16 1.10207e-14 0.111803 1 6.34461e-158 0.025038 UMF
2 5 9 8.14848e-17 5.63705e-16 1.10207e-14 0.111803 1 3.47253e-158 0.026185 UMF
3 9 17 1.17641e-16 8.58066e-16 7.26939e-14 0.111803 1 3.47253e-158 0.044587 UMF
5 33 65 5.31853e-15 2.62237e-14 9.26875e-13 0.111803 1 1.16896e-157 0.042453 UMF
5 33 65 5.31853e-15 2.62237e-14 9.26875e-13 0.111803 1 7.36115e-158 0.042796 UMF
6 65 129 1.7094e-14 6.73947e-14 2.65901e-12 0.111803 1 7.36115e-158 0.093964 UMF
7 129 257 1.97089e-14 1.34184e-13 1.08915e-11 0.111803 1 7.36115e-158 0.176361 UMF
5 33 65 5.31853e-15 2.62237e-14 9.26875e-13 0.111803 1 1.2432e-157 0.046255 UMF
6 65 129 1.7094e-14 6.73947e-14 2.65901e-12 0.111803 1 1.2432e-157 0.101396 UMF
7 129 257 1.97089e-14 1.34184e-13 1.08915e-11 0.111803 1 1.2432e-157 0.184127 UMF
3 9 17 1.57005e-16 1.12225e-15 3.82641e-14 0.111803 1 1.37912e-157 0.021505 UMF
3 9 17 1.57005e-16 1.12225e-15 3.82641e-14 0.111803 1 1.09033e-157 0.027804 UMF
4 17 33 2.72623e-16 1.70958e-15 1.06345e-13 0.111803 1 1.09033e-157 0.050764 UMF
5 33 65 1.70029e-16 3.76764e-15 6.62903e-13 0.111803 1 1.09033e-157 0.081736 UMF
1 3 3 0.0416667 0.288675 2 0.144338 1 1.22446e-157 0.024611 UMF
2 5 5 0.0203392 0.190941 2 0.121366 1 1.22446e-157 0.044291 UMF
3 9 9 0.0128735 0.144338 2 0.115658 1 1.22446e-157 0.060721 UMF
4 17 17 0.00988828 0.122368 2 0.113981 1 1.22446e-157 0.07557 UMF
5 33 33 0.00857114 0.111949 2 0.113395 1 1.22446e-157 0.105614 UMF
6 65 65 0.0079547 0.10693 2 0.11316 1 1.22446e-157 0.140027 UMF
7 129 129 0.0076568 0.104475 2 0.113057 1 1.22446e-157 0.198234 UMF
8 257 257 0.0075104 0.103263 2 0.113008 1 1.22446e-157 0.301398 UMF
9 513 513 0.00743784 0.102661 2 0.112985 1 1.22446e-157 0.479784 UMF
10 1025 1025 0.00740171 0.102361 2 0.112973 1 1.22446e-157 0.819342 UMF
11 2049 2049 0.00738369 0.102212 2 0.112968 1 1.22446e-157 1.48221 UMF
12 4097 4097 0.00737469 0.102137 2 0.112965 1 1.22446e-157 2.7722 UMF
13 8193 8193 0.00737019 0.102099 2 0.112963 1 1.22446e-157 5.36022 UMF
14 16385 16385 0.00736794 0.102081 2 0.112963 1 1.22446e-157 10.5899 UMF
15 32769 32769 0.00736682 0.102071 2 0.112962 1 1.22446e-157 21.057 UMF
16 65537 65537 0.00736626 0.102067 2 0.112962 1 1.22446e-157 42.1141 UMF
1 3 5 1.87764e-17 1.25498e-16 6.47366e-16 0.111803 1 1.2246e-157 0.025342 UMF
2 5 9 6.73226e-17 3.72861e-16 1.12511e-14 0.111803 1 1.2246e-157 0.047963 UMF
3 9 17 1.57005e-16 1.12225e-15 3.82641e-14 0.111803 1 1.2246e-157 0.059059 UMF
4 17 33 2.72623e-16 1.70958e-15 1.06345e-13 0.111803 1 1.2246e-157 0.085505 UMF
5 33 65 1.70029e-16 3.76764e-15 6.62903e-13 0.111803 1 1.2246e-157 0.106466 UMF
6 65 129 2.01477e-15 1.11323e-14 3.13413e-12 0.111803 1 1.2246e-157 0.151969 UMF
7 129 257 1.68619e-14 7.70076e-14 6.98596e-12 0.111803 1 1.2246e-157 0.225559 UMF
8 257 513 6.4602e-14 3.44444e-13 3.40059e-11 0.111803 1 1.2246e-157 0.350867 UMF
9 513 1025 1.79827e-13 9.60089e-13 1.29238e-10 0.111803 1 1.2246e-157 0.575673 UMF
10 1025 2049 6.05963e-13 2.93997e-12 5.16849e-10 0.111803 1 1.2246e-157 0.987318 UMF
11 2049 4097 2.96968e-12 1.26915e-11 2.11238e-09 0.111803 1 1.2246e-157 1.80324 UMF
12 4097 8193 6.68098e-12 3.62371e-11 8.22851e-09 0.111803 1 1.2246e-157 3.41777 UMF
13 8193 16385 4.71701e-11 2.12324e-10 3.39709e-08 0.111803 1 1.2246e-157 6.64273 UMF
14 16385 32769 1.80626e-10 8.02348e-10 1.32644e-07 0.111803 1 1.2246e-157 13.122 UMF
15 32769 65537 6.72579e-10 3.09441e-09 5.30563e-07 0.111803 1 1.2246e-157 26.1101 UMF
16 65537 131073 2.55637e-09 1.18379e-08 2.10296e-06 0.111803 1 1.2246e-157 52.1366 UMF
1 3 7 6.88881e-17 3.17837e-16 4.10749e-15 0.111803 1 5.44012e-158 0.019551 UMF
2 5 13 3.10008e-16 2.0569e-15 5.22297e-14 0.111803 1 5.44012e-158 0.039417 UMF
3 9 25 1.736e-15 7.53162e-15 2.00764e-13 0.111803 1 5.44012e-158 0.060627 UMF
4 17 49 7.83576e-15 3.25915e-14 6.9807e-13 0.111803 1 5.44012e-158 0.088716 UMF
5 33 97 3.3416e-14 1.3446e-13 3.06614e-12 0.111803 1 5.44012e-158 0.122272 UMF
6 65 193 1.4021e-13 5.5966e-13 1.31043e-11 0.111803 1 5.44012e-158 0.169596 UMF
7 129 385 2.93956e-13 1.18833e-12 4.55273e-11 0.111803 1 5.44012e-158 0.247408 UMF
8 257 769 1.3358e-12 5.28198e-12 1.86074e-10 0.111803 1 5.44012e-158 0.38221 UMF
9 513 1537 4.95043e-12 2.00379e-11 7.54134e-10 0.111803 1 5.44012e-158 0.653719 UMF
10 1025 3073 3.75757e-11 1.48219e-10 3.46531e-09 0.111803 1 5.44012e-158 1.16538 UMF
11 2049 6145 1.49808e-10 5.90838e-10 1.3365e-08 0.111803 1 5.44012e-158 2.16804 UMF
12 4097 12289 3.18421e-10 1.27082e-09 4.77641e-08 0.111803 1 5.44012e-158 4.16539 UMF
13 8193 24577 1.28634e-09 5.12402e-09 1.90005e-07 0.111803 1 5.44012e-158 8.17001 UMF
14 16385 49153 5.07998e-09 2.02236e-08 7.61303e-07 0.111803 1 5.44012e-158 16.2204 UMF
15 32769 98305 2.04371e-08 8.13133e-08 3.04589e-06 0.111803 1 5.44012e-158 32.3572 UMF
16 65537 196609 8.20484e-08 3.26522e-07 1.21859e-05 0.111803 1 5.44012e-158 64.5821 UMF
1 3 9 7.17078e-17 3.25586e-16 3.24412e-15 0.111803 1 1.44167e-157 0.019754 UMF
2 5 17 4.83881e-17 1.12344e-15 4.39408e-14 0.111803 1 1.44167e-157 0.04296 UMF
3 9 33 2.05924e-15 9.53751e-15 3.40256e-13 0.111803 1 1.44167e-157 0.067537 UMF
4 17 65 1.16071e-14 4.79852e-14 1.28974e-12 0.111803 1 1.44167e-157 0.092989 UMF
5 33 129 4.9782e-14 2.00292e-13 5.07919e-12 0.111803 1 1.44167e-157 0.131164 UMF
6 65 257 2.03324e-13 8.10077e-13 2.16684e-11 0.111803 1 1.44167e-157 0.187556 UMF
7 129 513 8.33163e-13 3.29818e-12 7.78845e-11 0.111803 1 1.44167e-157 0.288329 UMF
8 257 1025 2.14361e-12 8.62354e-12 3.04883e-10 0.111803 1 1.44167e-157 0.467977 UMF
9 513 2049 1.35744e-11 5.35658e-11 1.29878e-09 0.111803 1 1.44167e-157 0.784897 UMF
10 1025 4097 5.44564e-11 2.14809e-10 5.31924e-09 0.111803 1 1.44167e-157 1.41996 UMF
11 2049 8193 2.17767e-10 8.58573e-10 2.12007e-08 0.111803 1 1.44167e-157 2.65464 UMF
12 4097 16385 4.4539e-10 1.7664e-09 7.392e-08 0.111803 1 1.44167e-157 5.13461 UMF
13 8193 32769 1.9467e-09 7.72266e-09 3.0403e-07 0.111803 1 1.44167e-157 10.0892 UMF
14 16385 65537 8.77096e-09 3.51839e-08 1.28297e-06 0.111803 1 1.44167e-157 20.0204 UMF
15 32769 131073 3.05033e-08 1.17132e-07 4.76978e-06 0.111803 1 1.44167e-157 39.9023 UMF
16 65537 262145 2.23657e-07 8.81367e-07 2.0945e-05 0.111803 1 1.44167e-157 79.7882 UMF
1 3 11 1.19484e-16 5.55451e-16 1.18092e-14 0.111803 1 1.16995e-157 0.025583 UMF
2 5 21 1.3844e-15 5.86637e-15 1.94732e-13 0.111803 1 1.16995e-157 0.048269 UMF
3 9 41 6.33888e-15 2.66495e-14 6.15696e-13 0.111803 1 1.16995e-157 0.07356 UMF
4 17 81 2.68151e-14 1.11868e-13 2.39863e-12 0.111803 1 1.16995e-157 0.107087 UMF
5 33 161 1.62295e-13 6.50774e-13 1.10604e-11 0.111803 1 1.16995e-157 0.152855 UMF
6 65 321 6.00087e-13 2.37281e-12 3.90259e-11 0.111803 1 1.16995e-157 0.221867 UMF
7 129 641 2.7078e-12 1.07245e-11 1.59196e-10 0.111803 1 1.16995e-157 0.329371 UMF
8 257 1281 1.09508e-11 4.3224e-11 6.93091e-10 0.111803 1 1.16995e-157 0.54363 UMF
9 513 2561 4.40203e-11 1.73671e-10 2.76901e-09 0.111803 1 1.16995e-157 0.944714 UMF
10 1025 5121 1.76371e-10 6.95293e-10 1.06302e-08 0.111803 1 1.16995e-157 1.73943 UMF
11 2049 10241 7.05991e-10 2.78294e-09 4.2559e-08 0.111803 1 1.16995e-157 3.30264 UMF
12 4097 20481 2.82655e-09 1.11399e-08 1.71647e-07 0.111803 1 1.16995e-157 6.43233 UMF
13 8193 40961 9.75876e-09 3.84413e-08 6.53179e-07 0.111803 1 1.16995e-157 12.6649 UMF
14 16385 81921 4.04629e-08 1.60428e-07 2.66314e-06 0.111803 1 1.16995e-157 25.1751 UMF
15 32769 163841 1.64984e-07 6.49099e-07 1.05878e-05 0.111803 1 1.16995e-157 50.2376 UMF
16 65537 327681 6.24774e-07 2.44733e-06 4.19069e-05 0.111803 1 1.16995e-157 100.506 UMF
1 3 3 0.0416667 0.288675 2 0.144338 1 9.48688e-158 0.014122 UMF
2 5 5 0.0123603 0.152753 2 0.118462 1 9.48688e-158 0.02377 UMF
3 9 9 0.00326939 0.0776728 2 0.113309 1 9.48688e-158 0.036085 UMF
4 17 17 0.000830192 0.0390095 2 0.112169 1 9.48688e-158 0.049051 UMF
5 33 33 0.000208383 0.0195268 2 0.111894 1 9.48688e-158 0.062218 UMF
6 65 65 5.21484e-05 0.00976615 2 0.111826 1 9.48688e-158 0.084246 UMF
7 129 129 1.30404e-05 0.00488342 2 0.111809 1 9.48688e-158 0.117412 UMF
8 257 257 3.26031e-06 0.00244175 2 0.111805 1 9.48688e-158 0.172272 UMF
9 513 513 8.15089e-07 0.00122088 2 0.111804 1 9.48688e-158 0.271974 UMF
10 1025 1025 2.03773e-07 0.000610442 2 0.111803 1 9.48688e-158 0.459364 UMF
11 2049 2049 5.09436e-08 0.000305221 2 0.111803 1 9.48688e-158 0.820527 UMF
12 4097 4097 1.27363e-08 0.00015261 2 0.111803 1 9.48688e-158 1.53617 UMF
13 8193 8193 3.19185e-09 7.63052e-05 2 0.111803 1 9.48688e-158 2.95719 UMF
14 16385 16385 7.95407e-10 3.81526e-05 2 0.111803 1 9.48688e-158 5.8122 UMF
15 32769 32769 2.08491e-10 1.90763e-05 2 0.111803 1 9.48688e-158 11.5808 UMF
16 65537 65537 4.89772e-11 9.53816e-06 2 0.111803 1 9.48688e-158 23.1751 UMF
1 3 5 1.87764e-17 1.25498e-16 6.47366e-16 0.111803 1 9.59004e-158 0.015162 UMF
2 5 9 5.12071e-17 3.42381e-16 3.17764e-15 0.111803 1 9.59004e-158 0.026939 UMF
3 9 17 1.06835e-16 9.19363e-16 1.93802e-14 0.111803 1 9.59004e-158 0.036075 UMF
4 17 33 4.3644e-16 1.70099e-15 5.22501e-14 0.111803 1 9.59004e-158 0.049209 UMF
5 33 65 1.29143e-15 6.74679e-15 2.59144e-13 0.111803 1 9.59004e-158 0.066154 UMF
6 65 129 7.90933e-16 1.07318e-14 1.19715e-12 0.111803 1 9.59004e-158 0.090548 UMF
7 129 257 4.06155e-15 3.46911e-14 4.2423e-12 0.111803 1 9.59004e-158 0.128188 UMF
8 257 513 1.84213e-14 1.46241e-13 1.72402e-11 0.111803 1 9.59004e-158 0.193396 UMF
9 513 1025 9.9778e-14 4.5192e-13 6.57854e-11 0.111803 1 9.59004e-158 0.309696 UMF
10 1025 2049 1.20519e-13 9.00626e-13 2.39535e-10 0.111803 1 9.59004e-158 0.531637 UMF
11 2049 4097 4.49473e-13 3.52847e-12 9.87887e-10 0.111803 1 9.59004e-158 0.958664 UMF
12 4097 8193 1.14269e-12 8.88554e-12 3.94989e-09 0.111803 1 9.59004e-158 1.80846 UMF
13 8193 16385 5.14868e-12 3.73798e-11 1.61593e-08 0.111803 1 9.59004e-158 3.51273 UMF
14 16385 32769 1.2308e-11 5.33776e-11 6.56221e-08 0.111803 1 9.59004e-158 6.93693 UMF
15 32769 65537 2.38675e-11 1.90285e-10 2.62395e-07 0.111803 1 9.59004e-158 13.8059 UMF
16 65537 131073 1.00353e-10 6.11083e-10 1.04738e-06 0.111803 1 9.59004e-158 27.5937 UMF
1 3 7 6.88881e-17 3.17837e-16 4.10749e-15 0.111803 1 1.01487e-157 0.006624 UMF
2 5 13 1.3602e-16 6.70552e-16 2.34193e-14 0.111803 1 1.01487e-157 0.015167 UMF
3 9 25 2.04174e-16 1.974e-15 6.89033e-14 0.111803 1 1.01487e-157 0.027422 UMF
4 17 49 2.30027e-16 4.20044e-15 3.55845e-13 0.111803 1 1.01487e-157 0.03382 UMF
5 33 97 3.61634e-15 1.85085e-14 1.16259e-12 0.111803 1 1.01487e-157 0.050523 UMF
6 65 193 1.21774e-14 5.07696e-14 4.64422e-12 0.111803 1 1.01487e-157 0.07873 UMF
7 129 385 3.20531e-14 1.25837e-13 1.77235e-11 0.111803 1 1.01487e-157 0.123465 UMF
8 257 769 1.66016e-13 6.18177e-13 6.96908e-11 0.111803 1 1.01487e-157 0.200685 UMF
9 513 1537 2.88902e-13 1.30604e-12 2.95687e-10 0.111803 1 1.01487e-157 0.342179 UMF
10 1025 3073 4.37695e-13 2.25927e-12 1.16098e-09 0.111803 1 1.01487e-157 0.612084 UMF
11 2049 6145 6.08724e-12 2.51135e-11 4.83377e-09 0.111803 1 1.01487e-157 1.14068 UMF
12 4097 12289 1.68449e-12 1.25961e-11 1.83383e-08 0.111803 1 1.01487e-157 2.19335 UMF
13 8193 24577 7.26133e-11 2.81681e-10 7.67799e-08 0.111803 1 1.01487e-157 4.29041 UMF
14 16385 49153 2.69137e-10 1.01326e-09 3.04323e-07 0.111803 1 1.01487e-157 8.50997 UMF
15 32769 98305 1.09949e-10 5.76545e-10 1.19069e-06 0.111803 1 1.01487e-157 16.9562 UMF
16 65537 196609 4.65598e-09 1.77943e-08 4.84574e-06 0.111803 1 1.01487e-157 33.8819 UMF
1 3 9 7.17078e-17 3.25586e-16 3.24412e-15 0.111803 1 1.11494e-157 0.015802 UMF
2 5 17 1.18261e-16 1.0843e-15 2.87183e-14 0.111803 1 1.11494e-157 0.027613 UMF
3 9 33 6.73082e-16 5.3804e-15 1.51044e-13 0.111803 1 1.11494e-157 0.039794 UMF
4 17 65 1.7772e-15 1.59412e-14 4.87254e-13 0.111803 1 1.11494e-157 0.055042 UMF
5 33 129 6.34214e-15 3.51841e-14 2.64206e-12 0.111803 1 1.11494e-157 0.074426 UMF
6 65 257 1.37215e-14 7.95847e-14 1.09951e-11 0.111803 1 1.11494e-157 0.105909 UMF
7 129 513 6.13701e-14 3.44412e-13 4.51616e-11 0.111803 1 1.11494e-157 0.158327 UMF
8 257 1025 1.20159e-13 5.59111e-13 1.68125e-10 0.111803 1 1.11494e-157 0.250654 UMF
9 513 2049 3.73921e-13 1.98554e-12 6.74153e-10 0.111803 1 1.11494e-157 0.422917 UMF
10 1025 4097 1.17566e-12 5.28772e-12 2.62232e-09 0.111803 1 1.11494e-157 0.746984 UMF
11 2049 8193 3.00332e-12 1.59283e-11 1.06155e-08 0.111803 1 1.11494e-157 1.38923 UMF
12 4097 16385 1.95913e-11 7.80052e-11 4.20903e-08 0.111803 1 1.11494e-157 2.67458 UMF
13 8193 32769 9.96373e-11 4.25478e-10 1.75993e-07 0.111803 1 1.11494e-157 5.24973 UMF
14 16385 65537 2.14399e-11 2.6369e-10 6.757e-07 0.111803 1 1.11494e-157 10.4146 UMF
15 32769 131073 2.12004e-09 8.21255e-09 2.80815e-06 0.111803 1 1.11494e-157 20.786 UMF
16 65537 262145 8.97267e-09 3.50975e-08 1.12205e-05 0.111803 1 1.11494e-157 41.5637 UMF
1 3 11 1.19484e-16 5.55451e-16 1.18092e-14 0.111803 1 1.44654e-157 0.015413 UMF
2 5 21 1.81824e-16 1.23667e-15 8.15828e-14 0.111803 1 1.44654e-157 0.024831 UMF
3 9 41 1.80417e-15 8.42675e-15 2.21469e-13 0.111803 1 1.44654e-157 0.034952 UMF
4 17 81 1.99088e-15 1.69769e-14 1.1413e-12 0.111803 1 1.44654e-157 0.051199 UMF
5 33 161 1.29551e-14 5.52951e-14 4.66527e-12 0.111803 1 1.44654e-157 0.072463 UMF
6 65 321 1.75095e-14 1.11445e-13 1.96817e-11 0.111803 1 1.44654e-157 0.109828 UMF
7 129 641 5.07332e-14 2.46096e-13 7.73057e-11 0.111803 1 1.44654e-157 0.169658 UMF
8 257 1281 3.49148e-13 1.62917e-12 3.18799e-10 0.111803 1 1.44654e-157 0.27427 UMF
9 513 2561 1.72036e-13 2.10295e-12 1.19447e-09 0.111803 1 1.44654e-157 0.486627 UMF
10 1025 5121 1.69135e-12 8.45538e-12 4.71158e-09 0.111803 1 1.44654e-157 0.900179 UMF
11 2049 10241 2.40029e-12 2.56797e-11 1.87378e-08 0.111803 1 1.44654e-157 1.70688 UMF
12 4097 20481 3.24502e-12 3.56764e-11 7.58141e-08 0.111803 1 1.44654e-157 3.32286 UMF
13 8193 40961 2.63167e-11 1.83787e-10 3.01949e-07 0.111803 1 1.44654e-157 6.54711 UMF
14 16385 81921 1.0285e-10 5.23318e-10 1.21972e-06 0.111803 1 1.44654e-157 13.05 UMF
15 32769 163841 4.19331e-09 1.63696e-08 5.18006e-06 0.111803 1 1.44654e-157 26.0548 UMF
16 65537 327681 1.73831e-08 6.62812e-08 2.0606e-05 0.111803 1 1.44654e-157 52.1501 UMF
3 9 17 1.06835e-16 9.19363e-16 1.93802e-14 0.111803 1 1.30181e-157 0.020621 UMF
3 9 17 1.06835e-16 9.19363e-16 1.93802e-14 0.111803 1 9.64013e-158 0.021132 UMF
4 17 33 4.3644e-16 1.70099e-15 5.22501e-14 0.111803 1 9.64013e-158 0.042771 UMF
5 33 65 1.29143e-15 6.74679e-15 2.59144e-13 0.111803 1 9.64013e-158 0.072822 UMF
6 65 129 7.90933e-16 1.07318e-14 1.19715e-12 0.111803 1 9.64013e-158 0.118994 UMF
3 9 17 2.65532e-16 1.2567e-15 1.97777e-14 0.111803 1.52753 1.2737e-157 0.01509 UMF
4 17 33 3.66449e-16 2.78215e-15 8.93778e-14 0.111803 1.52753 1.2737e-157 0.038577 UMF
5 33 65 2.1758e-15 1.05477e-14 2.49373e-13 0.111803 1.52753 1.2737e-157 0.070005 UMF
6 65 129 4.5757e-15 2.01815e-14 1.20367e-12 0.111803 1.52753 1.2737e-157 0.109243 UMF
3 9 17 1.06835e-16 9.19363e-16 1.93802e-14 0.111803 1 8.91505e-158 0.019694 UMF
4 17 33 4.3644e-16 1.70099e-15 5.22501e-14 0.111803 1 8.91505e-158 0.040772 UMF
5 33 65 1.29143e-15 6.74679e-15 2.59144e-13 0.111803 1 8.91505e-158 0.070473 UMF
6 65 129 7.90933e-16 1.07318e-14 1.19715e-12 0.111803 1 8.91505e-158 0.113105 UMF
3 9 17 2.65532e-16 1.2567e-15 1.97777e-14 0.111803 1.52753 1.14199e-157 0.024421 UMF
4 17 33 3.66449e-16 2.78215e-15 8.93778e-14 0.111803 1.52753 1.14199e-157 0.048943 UMF
5 33 65 2.1758e-15 1.05477e-14 2.49373e-13 0.111803 1.52753 1.14199e-157 0.076805 UMF
6 65 129 4.5757e-15 2.01815e-14 1.20367e-12 0.111803 1.52753 1.14199e-157 0.115875 UMF
1 3 3 0.0416667 0.288675 2 0.144338 1.52753 1.17635e-157 0.024062 UMF
2 5 5 0.0122366 0.15278 2 0.118381 1.52753 1.17635e-157 0.044149 UMF
3 9 9 0.00323186 0.0776779 2 0.113285 1.52753 1.17635e-157 0.062902 UMF
4 17 17 0.000820477 0.0390102 2 0.112163 1.52753 1.17635e-157 0.082426 UMF
5 33 33 0.000205935 0.0195269 2 0.111892 1.52753 1.17635e-157 0.111004 UMF
6 65 65 5.15354e-05 0.00976616 2 0.111826 1.52753 1.17635e-157 0.149965 UMF
7 129 129 1.28871e-05 0.00488342 2 0.111809 1.52753 1.17635e-157 0.203332 UMF
8 257 257 3.22197e-06 0.00244175 2 0.111805 1.52753 1.17635e-157 0.304461 UMF
9 513 513 8.05506e-07 0.00122088 2 0.111804 1.52753 1.17635e-157 0.488647 UMF
10 1025 1025 2.01377e-07 0.000610442 2 0.111803 1.52753 1.17635e-157 0.826803 UMF
11 2049 2049 5.03449e-08 0.000305221 2 0.111803 1.52753 1.17635e-157 1.49813 UMF
1 3 3 0.0416667 0.288675 2 0.144338 1.52753 1.34407e-157 0.024088 UMF
2 5 5 0.0122366 0.15278 2 0.118381 1.52753 1.34407e-157 0.045212 UMF
3 9 9 0.00323186 0.0776779 2 0.113285 1.52753 1.34407e-157 0.066822 UMF
4 17 17 0.000820477 0.0390102 2 0.112163 1.52753 1.34407e-157 0.090274 UMF
5 33 33 0.000205935 0.0195269 2 0.111892 1.52753 1.34407e-157 0.109842 UMF
6 65 65 5.15354e-05 0.00976616 2 0.111826 1.52753 1.34407e-157 0.148342 UMF
7 129 129 1.28871e-05 0.00488342 2 0.111809 1.52753 1.34407e-157 0.210058 UMF
1 3 3 0.0416667 0.288675 2 0.144338 1.52753 1.41563e-157 0.024216 UMF
2 5 5 0.0122366 0.15278 2 0.118381 1.52753 1.41563e-157 0.040714 UMF
3 9 9 0.00323186 0.0776779 2 0.113285 1.52753 1.41563e-157 0.059394 UMF
4 17 17 0.000820477 0.0390102 2 0.112163 1.52753 1.41563e-157 0.07887 UMF
5 33 33 0.000205935 0.0195269 2 0.111892 1.52753 1.41563e-157 0.102459 UMF
1 3 3 0.0416667 0.288675 2 0.144338 1.52753 1.10157e-157 0.018175 UMF
2 5 5 0.0122366 0.15278 2 0.118381 1.52753 1.10157e-157 0.033079 UMF
3 9 9 0.00323186 0.0776779 2 0.113285 1.52753 1.10157e-157 0.052663 UMF
4 17 17 0.000820477 0.0390102 2 0.112163 1.52753 1.10157e-157 0.073965 UMF
5 33 33 0.000205935 0.0195269 2 0.111892 1.52753 1.10157e-157 0.101782 UMF
6 65 65 5.15354e-05 0.00976616 2 0.111826 1.52753 1.10157e-157 0.128308 UMF
7 129 129 1.28871e-05 0.00488342 2 0.111809 1.52753 1.10157e-157 0.189478 UMF
8 257 257 3.22197e-06 0.00244175 2 0.111805 1.52753 1.10157e-157 0.291756 UMF
9 513 513 8.05506e-07 0.00122088 2 0.111804 1.52753 1.10157e-157 0.473575 UMF
10 1025 1025 2.01377e-07 0.000610442 2 0.111803 1.52753 1.10157e-157 0.821274 UMF
11 2049 2049 5.03449e-08 0.000305221 2 0.111803 1.52753 1.10157e-157 1.4946 UMF
12 4097 4097 1.25859e-08 0.00015261 2 0.111803 1.52753 1.10157e-157 2.82079 UMF
13 8193 8193 3.1479e-09 7.63052e-05 2 0.111803 1.52753 1.10157e-157 5.49304 UMF
14 16385 16385 7.89866e-10 3.81526e-05 2 0.111803 1.52753 1.10157e-157 10.863 UMF
15 32769 32769 1.93288e-10 1.90763e-05 2 0.111803 1.52753 1.10157e-157 21.6863 UMF
16 65537 65537 3.14806e-11 9.53816e-06 2 0.111803 1.52753 1.10157e-157 43.3537 UMF
1 3 5 3.66712e-17 1.71596e-16 8.88178e-16 0.111803 1.52753 5.20687e-158 0.015098 UMF
2 5 9 9.55841e-17 4.03422e-16 7.69185e-16 0.111803 1.52753 5.20687e-158 0.033293 UMF
3 9 17 2.65532e-16 1.2567e-15 1.97777e-14 0.111803 1.52753 5.20687e-158 0.047272 UMF
4 17 33 3.66449e-16 2.78215e-15 8.93778e-14 0.111803 1.52753 5.20687e-158 0.06985 UMF
5 33 65 2.1758e-15 1.05477e-14 2.49373e-13 0.111803 1.52753 5.20687e-158 0.098945 UMF
6 65 129 4.5757e-15 2.01815e-14 1.20367e-12 0.111803 1.52753 5.20687e-158 0.144016 UMF
7 129 257 1.60433e-14 8.26981e-14 4.13757e-12 0.111803 1.52753 5.20687e-158 0.213372 UMF
8 257 513 1.22264e-14 7.03829e-14 1.65244e-11 0.111803 1.52753 5.20687e-158 0.334362 UMF
9 513 1025 1.87443e-13 8.26105e-13 7.48677e-11 0.111803 1.52753 5.20687e-158 0.545907 UMF
10 1025 2049 7.92217e-14 7.64743e-13 2.66767e-10 0.111803 1.52753 5.20687e-158 0.958389 UMF
11 2049 4097 2.63767e-12 1.1529e-11 1.1341e-09 0.111803 1.52753 5.20687e-158 1.766 UMF
12 4097 8193 1.4206e-11 5.79553e-11 4.67382e-09 0.111803 1.52753 5.20687e-158 3.35993 UMF
13 8193 16385 7.79788e-12 3.38627e-11 1.6613e-08 0.111803 1.52753 5.20687e-158 6.54855 UMF
14 16385 32769 9.08057e-12 7.10899e-11 6.59729e-08 0.111803 1.52753 5.20687e-158 12.9694 UMF
15 32769 65537 3.45921e-11 2.4397e-10 2.66973e-07 0.111803 1.52753 5.20687e-158 25.8374 UMF
16 65537 131073 3.16637e-09 1.28502e-08 1.17129e-06 0.111803 1.52753 5.20687e-158 51.6406 UMF
1 3 7 3.838e-17 3.05485e-16 3.70146e-15 0.111803 1.52753 1.12977e-157 0.021822 UMF
2 5 13 3.55193e-16 1.18783e-15 1.95244e-14 0.111803 1.52753 1.12977e-157 0.036676 UMF
3 9 25 5.12571e-16 2.25452e-15 7.47345e-14 0.111803 1.52753 1.12977e-157 0.057765 UMF
4 17 49 3.19048e-16 4.74446e-15 3.25617e-13 0.111803 1.52753 1.12977e-157 0.083349 UMF
5 33 97 1.17342e-15 1.11618e-14 1.2718e-12 0.111803 1.52753 1.12977e-157 0.114066 UMF
6 65 193 4.48993e-15 3.52421e-14 4.17022e-12 0.111803 1.52753 1.12977e-157 0.164073 UMF
7 129 385 2.24198e-14 1.30794e-13 1.72447e-11 0.111803 1.52753 1.12977e-157 0.246086 UMF
8 257 769 7.85048e-14 3.43964e-13 7.18435e-11 0.111803 1.52753 1.12977e-157 0.392395 UMF
9 513 1537 2.24742e-13 9.84266e-13 3.01658e-10 0.111803 1.52753 1.12977e-157 0.656366 UMF
10 1025 3073 1.13617e-12 4.378e-12 1.17852e-09 0.111803 1.52753 1.12977e-157 1.17081 UMF
11 2049 6145 2.30553e-13 2.95127e-12 4.88293e-09 0.111803 1.52753 1.12977e-157 2.16954 UMF
12 4097 12289 7.35082e-13 9.60313e-12 1.86014e-08 0.111803 1.52753 1.12977e-157 4.15078 UMF
13 8193 24577 1.42994e-11 7.35093e-11 7.58029e-08 0.111803 1.52753 1.12977e-157 8.13565 UMF
14 16385 49153 2.18053e-11 1.13072e-10 3.01748e-07 0.111803 1.52753 1.12977e-157 16.1256 UMF
15 32769 98305 1.1329e-10 5.91448e-10 1.21428e-06 0.111803 1.52753 1.12977e-157 32.1592 UMF
16 65537 196609 2.15758e-10 1.69749e-09 4.92851e-06 0.111803 1.52753 1.12977e-157 64.2549 UMF
1 3 9 4.16991e-17 3.20514e-16 3.04602e-15 0.111803 1.52753 1.12997e-157 0.019422 UMF
2 5 17 2.52046e-16 1.41086e-15 2.67754e-14 0.111803 1.52753 1.12997e-157 0.039274 UMF
3 9 33 4.13386e-16 3.27026e-15 1.71633e-13 0.111803 1.52753 1.12997e-157 0.060897 UMF
4 17 65 2.4748e-15 1.23426e-14 6.31417e-13 0.111803 1.52753 1.12997e-157 0.082523 UMF
5 33 129 7.12454e-15 3.24502e-14 2.7073e-12 0.111803 1.52753 1.12997e-157 0.120505 UMF
6 65 257 3.302e-15 5.59992e-14 9.5243e-12 0.111803 1.52753 1.12997e-157 0.179501 UMF
7 129 513 4.58388e-14 2.64719e-13 3.83372e-11 0.111803 1.52753 1.12997e-157 0.273964 UMF
8 257 1025 1.21318e-13 6.34269e-13 1.66529e-10 0.111803 1.52753 1.12997e-157 0.447489 UMF
9 513 2049 3.33759e-14 6.7353e-13 6.58055e-10 0.111803 1.52753 1.12997e-157 0.777287 UMF
10 1025 4097 9.09736e-13 4.24719e-12 2.68291e-09 0.111803 1.52753 1.12997e-157 1.41123 UMF
11 2049 8193 3.09427e-12 1.69517e-11 1.07194e-08 0.111803 1.52753 1.12997e-157 2.65986 UMF
12 4097 16385 1.14503e-11 6.12682e-11 4.45437e-08 0.111803 1.52753 1.12997e-157 5.14546 UMF
13 8193 32769 3.26566e-11 1.32826e-10 1.70771e-07 0.111803 1.52753 1.12997e-157 10.1162 UMF
14 16385 65537 7.52683e-11 3.16441e-10 7.0303e-07 0.111803 1.52753 1.12997e-157 20.0641 UMF
15 32769 131073 2.36223e-10 1.13421e-09 2.80757e-06 0.111803 1.52753 1.12997e-157 40.0086 UMF
16 65537 262145 8.71207e-10 3.73622e-09 1.09977e-05 0.111803 1.52753 1.12997e-157 79.8793 UMF
1 3 11 1.18267e-16 6.34931e-16 2.12554e-14 0.111803 1.52753 1.32375e-157 0.02034 UMF
2 5 21 4.1858e-16 1.48586e-15 4.64899e-14 0.111803 1.52753 1.32375e-157 0.041798 UMF
3 9 41 4.85041e-16 4.80193e-15 2.99587e-13 0.111803 1.52753 1.32375e-157 0.065468 UMF
4 17 81 8.93538e-16 1.07151e-14 1.11207e-12 0.111803 1.52753 1.32375e-157 0.097338 UMF
5 33 161 3.42034e-15 4.21507e-14 4.45297e-12 0.111803 1.52753 1.32375e-157 0.133314 UMF
6 65 321 1.26927e-14 1.00174e-13 1.80766e-11 0.111803 1.52753 1.32375e-157 0.20374 UMF
7 129 641 4.5941e-14 2.82864e-13 7.55577e-11 0.111803 1.52753 1.32375e-157 0.313126 UMF
8 257 1281 2.80379e-14 5.17616e-13 3.07493e-10 0.111803 1.52753 1.32375e-157 0.528 UMF
9 513 2561 3.59436e-13 2.50621e-12 1.2464e-09 0.111803 1.52753 1.32375e-157 0.934307 UMF
10 1025 5121 4.3792e-13 5.14095e-12 4.95341e-09 0.111803 1.52753 1.32375e-157 1.72917 UMF
11 2049 10241 5.40392e-12 2.57691e-11 1.9074e-08 0.111803 1.52753 1.32375e-157 3.31433 UMF
12 4097 20481 7.47513e-12 5.25264e-11 7.88983e-08 0.111803 1.52753 1.32375e-157 6.46275 UMF
13 8193 40961 2.1557e-11 1.40591e-10 3.22227e-07 0.111803 1.52753 1.32375e-157 12.7552 UMF
14 16385 81921 2.18555e-10 8.68905e-10 1.28309e-06 0.111803 1.52753 1.32375e-157 25.4005 UMF
15 32769 163841 4.51645e-10 2.3468e-09 5.15636e-06 0.111803 1.52753 1.32375e-157 50.703 UMF
16 65537 327681 6.77573e-10 3.19177e-09 2.06616e-05 0.111803 1.52753 1.32375e-157 101.488 UMF
