1 9 240 84 36 0.0151963 0 0.0040978 0 0.0849731 0 0.203125
1 9 240 84 36 0.0151963 0 0.0040978 0 0.0849731 0 0.171875
1 9 240 84 36 0.0151963 0 0.0040978 0 0.0849731 0 0.359375
1 9 240 84 36 0.0151963 0 0.0040978 0 0.0849731 0 0.296875
2 25 912 312 144 0.00195938 0 0.000511461 0 0.0215527 0 0.984375
2 25 912 312 144 0.00195938 0 0.000511461 0 0.0215527 0 0.5
2 25 912 312 144 0.00195938 0 0.000511461 0 0.0215527 0 0.328125
2 25 416 144 64 0.027103 0 0.00711847 0 0.171923 0 0.359375
3 81 1600 544 256 0.0068446 0 0.00177969 0 0.0863268 0 0.546875
3 81 1600 544 256 0.0068446 0 0.00177969 0 0.0863268 0 0.203125
2 25 416 144 64 0.027103 0 0.00711847 0 0.171923 0 0.21875
1 9 112 40 16 0.10422 0 0.0306412 0 0.346508 0 0
1 9 112 40 16 0.00720029 0 0.00653016 0 0.0723303 0 0.046875
1 9 112 40 16 0.00720029 0 0.00653016 0 0.0723303 0 0.171875
1 9 112 40 16 0.00720029 0 0.00653016 0 0.0723303 0 0.296875
2 25 416 144 64 0.00180917 0 0.00178748 0 0.0391476 0 0.046875
3 81 1600 544 256 0.000452864 0 0.000461727 0 0.0201929 0 0.375
2 25 416 144 64 0.00180917 0 0.00178748 0 0.0391476 0 0.0625
1 9 112 40 16 0.00720029 0 0.00653016 0 0.0723303 0 0.015625
1 9 112 40 16 0.10422 0 0.0306412 0 0.346508 0 0.203125
1 9 112 40 16 0.00720029 0 0.00653016 0 0.0723303 0 0.171875
2 25 416 144 64 0.00180917 0 0.00178748 0 0.0391476 0 0.203125
3 81 1600 544 256 0.000452864 0 0.000461727 0 0.0201929 0 0.390625
1 9 112 40 16 0.00720029 0 0.00653016 0 0.0723303 0 0.015625
2 25 416 144 64 0.00180917 0 0.00178748 0 0.0391476 0 0.1875
3 81 1600 544 256 0.000452864 0 0.000461727 0 0.0201929 0 0.21875
4 289 6272 2112 1024 0.000113252 0 0.000116935 0 0.0102311 0 2.10938
3 81 1600 544 256 0.000452864 0 0.000461727 0 0.0201929 0 0.234375
3 81 1600 544 256 0.000452864 0 0.000461727 0 0.0201929 0 0.328125
4 289 6272 2112 1024 0.000113252 0 0.000116935 0 0.0102311 0 2.07812
2 25 416 144 64 0.00180917 0 0.00178748 0 0.0391476 0 0.03125
1 9 112 40 16 0.00720029 0 0.00653016 0 0.0723303 0 0.03125
1 9 112 40 16 0.00720029 0 0.00653016 0 0.0723303 0 0.015625
1 9 112 40 16 0.00720029 0 0.00653016 0 0.0723303 0 0.265625
2 25 416 144 64 0.00180917 0 0.00178748 0 0.0391476 0 0.296875
1 9 112 40 16 0.00720029 0 0.00653016 0 0.0723303 0 0.171875
1 9 112 40 16 0.00720029 0 0.00653016 0 0.0723303 0 0.1875
1 9 112 40 16 0.00720029 0 0.00653016 0 0.0723303 0 0
1 9 112 40 16 0.00720029 0 0.00653016 0 0.0723303 0 0.015625
1 9 112 40 16 0.00720029 0 0.00653016 0 0.0723303 0 0.203125
1 9 112 40 16 0.00720029 0 0.00653016 0 0.0723303 0 0.015625
1 9 112 40 16 0.00720029 0 0.00653016 0 0.0723303 0 0.171875
1 9 112 40 16 0.00720029 0 0.00653016 0 0.0723303 0 0
1 9 112 40 16 0.00720029 0 0.00653016 0 0.0723303 0 0.484375
1 9 112 40 16 0.00720029 0 0.00653016 0 0.0723303 0 0.359375
3 81 1600 544 256 0.000452864 0 0.000461727 0 0.0201929 0 0.296875
5 1089 24832 8320 4096 2.83151e-05 0 2.93958e-05 0 0.00514605 0 24.9375
2 25 416 144 64 0.00180917 0 0.00178748 0 0.0391476 0 0.125
2 25 416 144 64 0.00173262 0 0.00208233 0 0.0413411 0 0.109375
3 81 1600 544 256 0.000433681 0 0.00052455 0 0.0206899 0 0.921875
2 25 416 144 64 0.00180917 0 0.00178748 0 0.0391476 0 0.296875
1 9 112 40 16 0.00720029 0 0.00653016 0 0.0723303 0 0.203125
1 9 112 40 16 0.00720029 0 0.00653016 0 0.0723303 0 0.125
2 25 416 144 64 0.00180917 0 0.00178748 0 0.0391476 0 0.234375
3 81 1600 544 256 0.000452864 0 0.000461727 0 0.0201929 0 0.359375
4 289 6272 2112 1024 0.000113252 0 0.000116935 0 0.0102311 0 2.25
5 1089 24832 8320 4096 2.83151e-05 0 2.93958e-05 0 0.00514605 0 24.9531
3 81 1600 544 256 0.000452864 0 0.000461727 0 0.0201929 0 0.265625
3 81 1600 544 256 0.000452864 0 0.000461727 0 0.0201929 0 0.203125
3 81 1600 544 256 0.0331818 0 0.0582138 0 0.286835 0 0.21875
3 81 1600 544 256 0.000430981 0 8.63535e-06 0 0.000734633 0 0.25
1 9 112 40 16 0.00685693 0.000492393 0.011161 0
2 25 416 144 64 0.00172184 6.74044e-05 0.00291491 0.0625
3 81 1600 544 256 0.000430981 8.63535e-06 0.000734633 0.546875
4 289 6272 2112 1024 0.000107779 1.08692e-06 0.000183953 2.04688
0 4 32 12 4 0.0270483 0.00261219 0.0328764 0
0 4 32 12 4 0.0270483 0.00261219 0.0328764 0
0 4 32 12 4 0.0270483 0.00261219 0.0328764 0
0 4 32 12 4 0.0270483 0.00261219 0.0328764 0
0 4 32 12 4 0.0270483 0.00261219 0.0328764 0.015625
0 4 32 12 4 0.0270483 0.00261219 0.0328764 0.09375
0 4 32 12 4 1.93647e+20 3.15904e+19 1.70473e+20 0
0 4 32 12 4 1.93647e+20 3.15904e+19 1.70473e+20 0
0 4 32 12 4 1.93647e+20 3.15904e+19 1.70473e+20 0.15625
0 4 32 12 4 0.0270483 0.00261219 0.0328764 0.015625
0 4 32 12 4 0.0270483 0.00261219 0.0328764 0.015625
0 4 32 12 4 0.0270483 0.00261219 0.0328764 0
2 25 416 144 64 0.00172184 6.74044e-05 0.00291491 0.21875
2 25 416 144 64 0.00180917 0.00178748 0.0391476 0.1875
3 81 1600 544 256 0.000452864 0.000461727 0.0201929 0.375
3 81 1600 544 256 0.000452864 0.000461727 0.0201929 0.203125
3 81 1600 544 256 0.0068446 0.00177969 0.0863268 0.3125
3 81 1600 544 256 0.0068446 0.00177969 0.0863268 0.21875
